0 44 0 92 2 52 0
0 14 3 7 3 9 2
1 46 1 75 3 25 0
0 40 0 55 0 45 3
1 41 1 57 3 74 1
1 34 1 3 0 61 3
1 83 1 31 0 8 2
1 78 2 44 0 65 2
1 13 1 35 2 93 0
0 42 1 51 3 69 0
1 59 0 99 2 86 2
0 44 2 30 3 89 0
0 85 0 15 3 89 0
1 25 1 94 0 55 0
0 47 3 94 2 84 0
1 81 1 76 1 59 1
0 58 2 0 3 96 0
0 15 0 2 3 25 1
0 14 3 29 2 65 1
1 2 3 79 3 91 3
0 78 2 52 0 83 3
0 65 2 70 0 4 2
0 70 2 13 2 77 1
1 38 0 62 3 52 1
1 47 0 97 1 7 1
0 14 0 81 1 75 1
0 24 1 71 1 96 1
0 68 0 22 3 27 1
0 66 0 26 0 67 0
0 56 1 27 1 82 3
1 77 0 51 0 7 3
1 63 2 81 2 57 0
1 95 1 35 2 40 2
1 0 1 10 3 87 2
0 30 1 75 3 19 0
0 36 1 53 2 60 0
1 14 2 81 2 24 0
1 41 3 62 3 81 3
1 63 0 59 0 68 3
1 51 3 44 0 29 1
1 5 0 89 1 55 0
0 45 2 40 0 83 1
1 8 2 20 0 23 3
1 66 2 10 1 12 0
1 36 0 68 1 86 3
0 25 3 37 3 47 1
0 47 0 25 2 7 0
0 47 3 30 2 44 1
0 84 2 31 1 6 1
1 64 2 28 3 67 0
1 41 3 42 2 80 1
1 99 0 14 3 52 2
1 56 2 25 0 80 1
1 27 1 4 1 39 2
0 19 1 88 2 20 1
1 28 2 70 3 62 0
0 73 1 89 2 82 3
1 27 1 92 1 95 3
1 91 2 32 3 18 1
1 70 3 90 2 27 1
1 69 3 92 0 92 2
1 90 0 40 0 99 0
1 15 3 65 1 92 2
1 21 0 41 2 25 2
1 17 1 33 0 11 0
0 77 2 35 0 86 0
0 80 0 68 3 38 2
0 12 3 90 3 69 1
1 47 1 80 1 67 1
0 96 1 91 1 55 1
1 83 0 47 0 54 3
1 61 2 74 0 69 0
1 76 0 88 3 10 3
1 49 1 63 3 21 0
0 25 1 30 3 52 3
1 74 0 93 1 96 1
1 10 1 1 1 14 2
1 50 0 76 1 11 2
1 83 1 56 0 14 1
1 70 3 89 1 97 0
0 87 0 29 1 13 3
0 28 3 60 0 88 0
0 4 1 15 1 40 1
0 66 0 57 1 13 0
0 83 0 40 1 37 2
1 92 1 27 3 76 0
1 97 3 95 0 14 1
1 2 1 77 1 43 3
0 22 3 19 1 32 3
-1 8 2 64 1 34 1
