1 62 3 74 2 43 0
0 44 0 70 2 28 3
0 12 2 94 3 43 0
0 28 3 83 0 32 3
1 62 0 97 2 7 1
1 14 3 96 2 47 1
1 83 3 31 1 3 2
0 35 3 37 0 37 3
1 56 2 99 1 11 2
0 13 0 4 0 49 1
1 68 2 8 0 16 3
0 19 0 62 3 40 2
0 62 0 5 2 4 0
0 6 3 37 1 85 3
1 60 2 21 1 66 3
0 91 3 31 2 45 0
0 25 3 49 1 90 2
0 78 2 5 3 95 3
1 77 2 50 3 83 1
0 45 1 52 3 1 0
0 65 0 70 2 32 3
1 76 3 90 0 81 3
0 19 3 63 1 43 1
1 39 1 22 1 15 0
0 34 2 33 2 44 0
0 10 3 65 0 85 2
1 70 0 88 3 60 0
1 13 0 84 0 29 3
1 39 0 15 2 57 0
0 34 3 28 1 51 0
0 44 0 51 2 45 1
0 87 2 33 3 55 2
0 37 0 52 2 22 0
1 44 2 60 0 74 1
0 26 0 21 1 88 1
0 58 3 29 0 74 2
0 55 1 44 1 44 1
1 62 2 46 3 81 2
1 46 2 20 1 73 3
1 48 3 37 3 53 2
0 44 1 91 3 90 3
1 16 3 19 0 99 1
1 99 1 97 1 96 2
0 39 2 7 2 24 2
0 33 2 74 3 8 0
0 64 1 18 1 71 0
1 88 2 61 2 11 0
0 68 1 54 0 97 2
0 97 1 79 1 74 1
1 40 2 82 2 81 0
1 47 1 86 2 34 1
0 64 2 21 1 89 3
1 60 0 43 3 8 0
0 84 1 31 2 90 2
0 46 0 13 3 72 3
0 82 0 87 3 40 0
1 87 0 81 3 43 2
1 41 0 72 3 9 2
0 95 2 45 2 72 0
0 13 0 3 0 33 3
1 55 0 87 2 40 3
1 12 3 18 1 41 2
1 73 0 99 1 38 2
1 7 0 28 0 57 0
1 52 2 66 3 46 3
1 73 2 7 3 10 0
1 23 0 70 0 39 2
1 19 2 54 2 72 2
1 62 2 38 2 17 2
1 30 0 50 1 52 3
0 91 0 54 2 85 0
1 0 1 8 1 65 0
0 12 2 31 0 73 1
0 4 0 0 1 12 1
0 8 0 20 1 98 0
1 79 2 18 2 7 0
0 82 2 87 2 54 1
0 95 1 17 2 24 2
1 52 1 37 2 13 3
1 67 3 61 0 57 2
1 43 0 27 0 2 3
1 78 0 12 3 60 2
1 42 3 29 1 97 1
1 56 2 86 2 25 3
1 85 1 57 1 30 0
0 90 1 87 0 7 1
0 7 1 36 3 38 3
0 95 1 80 0 73 1
1 38 0 57 3 94 2
0 86 3 70 2 92 2
1 59 3 63 0 33 0
0 60 2 50 0 55 2
0 0 2 26 1 3 0
1 11 3 29 1 69 2
1 2 1 42 2 19 3
0 16 1 64 2 59 0
1 9 2 7 0 63 2
1 4 3 76 3 44 2
1 55 1 38 2 66 0
-1 22 0 32 1 38 0
