0 4 3 6 2 17 0
1 72 0 22 2 28 2
1 37 3 0 0 11 2
0 89 1 45 2 70 3
1 12 3 20 0 48 3
1 54 1 28 0 28 0
0 12 0 12 1 29 2
0 39 0 41 0 71 1
1 56 3 58 0 72 0
0 71 2 24 1 27 0
0 84 2 85 1 20 3
0 31 1 78 3 68 1
0 89 3 50 3 25 3
1 84 1 9 3 18 3
0 21 1 75 3 85 3
1 88 3 83 0 9 1
1 4 1 67 1 48 2
0 94 3 26 3 88 3
1 62 2 62 1 11 1
1 9 0 58 2 21 1
1 6 3 89 0 55 0
0 73 3 90 3 43 1
0 75 0 31 0 40 2
0 77 1 27 2 50 1
1 84 2 54 0 82 2
1 82 1 12 2 70 1
1 13 3 20 1 30 3
0 53 3 67 0 34 0
0 51 0 16 0 81 2
1 70 3 32 0 68 1
0 30 1 98 1 34 2
0 29 0 94 2 39 1
1 78 0 48 3 75 1
1 87 3 8 3 55 1
0 59 2 63 2 95 2
0 88 0 67 1 52 1
0 58 0 19 3 78 3
1 10 2 8 3 88 2
0 93 0 68 1 94 2
0 17 1 88 2 1 1
1 41 3 16 2 83 2
1 17 1 12 2 74 1
1 79 0 44 3 69 1
1 83 1 22 3 89 0
0 98 0 59 1 56 0
1 79 1 19 3 96 2
1 49 3 94 3 89 3
1 99 3 89 3 22 0
0 20 2 32 1 64 1
1 58 0 60 0 56 1
1 61 0 93 3 64 2
0 8 1 28 2 42 1
1 94 1 50 3 7 0
1 16 2 4 0 89 1
0 0 1 90 3 6 0
1 19 0 11 0 75 2
1 74 0 1 0 54 3
1 85 1 19 2 80 3
1 40 3 5 3 51 1
0 12 3 29 3 51 0
0 29 3 46 2 23 3
1 98 3 28 3 30 2
0 18 2 76 1 71 2
1 46 2 73 3 13 3
0 16 2 17 0 30 3
0 22 2 48 1 18 2
0 54 1 18 0 61 2
1 96 1 20 3 76 2
1 18 1 61 2 33 0
1 97 0 19 1 43 1
1 82 0 19 2 85 3
1 40 1 87 1 59 2
0 42 0 53 3 90 0
1 27 0 91 3 27 1
1 22 1 54 1 34 0
1 83 1 37 3 11 2
0 25 3 17 2 70 1
0 15 1 85 2 39 3
1 59 1 42 0 89 0
1 10 1 14 1 39 1
0 52 1 56 0 69 0
0 46 2 60 2 9 1
1 61 2 16 2 86 3
1 34 2 33 1 64 0
0 4 1 49 1 91 0
0 73 1 49 2 0 0
0 60 2 11 3 57 0
0 75 1 41 0 24 2
0 48 1 70 0 32 2
-1 12 2 61 1 66 1
