1 95 2 64 2 0 0
0 17 1 79 1 73 3
0 75 2 73 2 45 2
0 63 3 31 1 53 2
0 94 0 52 3 11 2
1 91 3 64 2 86 1
1 58 0 68 1 72 0
0 88 0 89 3 75 1
1 71 0 19 3 86 2
0 35 2 49 0 79 2
1 95 2 64 2 0 0
0 17 1 79 1 73 3
0 75 2 73 2 45 2
0 63 3 31 1 53 2
0 94 0 52 3 11 2
1 91 3 64 2 86 1
1 58 0 68 1 72 0
0 88 0 89 3 75 1
1 71 0 19 3 86 2
0 35 2 49 0 79 2
1 95 2 64 2 0 0
0 17 1 79 1 73 3
0 75 2 73 2 45 2
0 63 3 31 1 53 2
0 94 0 52 3 11 2
1 91 3 64 2 86 1
1 58 0 68 1 72 0
0 88 0 89 3 75 1
1 71 0 19 3 86 2
0 35 2 49 0 79 2
0 73 2 63 3 20 3
0 66 1 3 2 57 1
1 11 2 22 2 54 0
1 78 0 70 1 12 1
1 33 1 54 0 86 2
1 71 1 27 2 69 0
0 61 0 32 0 8 0
0 71 2 27 0 53 0
0 31 3 87 0 47 2
0 49 3 86 1 56 3
1 95 2 64 2 0 0
0 17 1 79 1 73 3
0 75 2 73 2 45 2
0 63 3 31 1 53 2
0 94 0 52 3 11 2
1 91 3 64 2 86 1
1 58 0 68 1 72 0
0 88 0 89 3 75 1
1 71 0 19 3 86 2
0 35 2 49 0 79 2
0 58 1 99 3 76 0
0 3 1 2 1 23 0
1 4 1 38 3 93 0
0 97 0 37 2 36 2
1 83 0 24 1 89 2
1 95 2 23 3 53 2
0 98 3 83 2 40 2
1 49 1 74 1 12 2
1 67 3 60 3 17 1
1 55 2 51 0 53 3
1 95 2 64 2 0 0
0 17 1 79 1 73 3
0 75 2 73 2 45 2
0 63 3 31 1 53 2
0 94 0 52 3 11 2
1 91 3 64 2 86 1
1 58 0 68 1 72 0
0 88 0 89 3 75 1
1 71 0 19 3 86 2
0 35 2 49 0 79 2
1 95 2 64 2 0 0
0 17 1 79 1 73 3
0 75 2 73 2 45 2
0 63 3 31 1 53 2
0 94 0 52 3 11 2
1 91 3 64 2 86 1
1 58 0 68 1 72 0
0 88 0 89 3 75 1
1 71 0 19 3 86 2
0 35 2 49 0 79 2
0 43 1 76 1 99 2
1 2 3 67 2 77 1
1 61 0 70 0 8 1
1 1 1 26 1 34 1
0 86 0 51 3 69 0
0 36 2 13 1 53 3
1 95 1 86 2 36 3
0 67 1 42 0 99 3
0 22 1 54 2 44 1
1 44 0 17 0 21 0
1 95 2 64 2 0 0
0 17 1 79 1 73 3
0 75 2 73 2 45 2
0 63 3 31 1 53 2
0 94 0 52 3 11 2
1 91 3 64 2 86 1
1 58 0 68 1 72 0
0 88 0 89 3 75 1
1 71 0 19 3 86 2
-1 35 2 49 0 79 2
