0 65 2 37 1 81 0
1 50 2 1 3 58 0
0 14 1 51 2 13 0
1 76 1 23 0 18 0
1 34 3 11 1 53 0
1 26 1 79 1 0 0
0 43 2 18 0 66 0
0 18 2 10 0 28 0
0 69 3 31 0 4 3
0 12 2 1 1 50 3
0 65 2 37 1 81 0
1 50 2 1 3 58 0
0 14 1 51 2 13 0
1 76 1 23 0 18 0
1 34 3 11 1 53 0
1 26 1 79 1 0 0
0 43 2 18 0 66 0
0 18 2 10 0 28 0
0 69 3 31 0 4 3
0 12 2 1 1 50 3
0 65 2 37 1 81 0
1 50 2 1 3 58 0
0 14 1 51 2 13 0
1 76 1 23 0 18 0
1 34 3 11 1 53 0
1 26 1 79 1 0 0
0 43 2 18 0 66 0
0 18 2 10 0 28 0
0 69 3 31 0 4 3
0 12 2 1 1 50 3
0 65 2 37 1 81 0
1 50 2 1 3 58 0
0 14 1 51 2 13 0
1 76 1 23 0 18 0
1 34 3 11 1 53 0
1 26 1 79 1 0 0
0 43 2 18 0 66 0
0 18 2 10 0 28 0
0 69 3 31 0 4 3
0 12 2 1 1 50 3
0 65 2 37 1 81 0
1 50 2 1 3 58 0
0 14 1 51 2 13 0
1 76 1 23 0 18 0
1 34 3 11 1 53 0
1 26 1 79 1 0 0
0 43 2 18 0 66 0
0 18 2 10 0 28 0
0 69 3 31 0 4 3
0 12 2 1 1 50 3
0 65 2 37 1 81 0
1 50 2 1 3 58 0
0 14 1 51 2 13 0
1 76 1 23 0 18 0
1 34 3 11 1 53 0
1 26 1 79 1 0 0
0 43 2 18 0 66 0
0 18 2 10 0 28 0
0 69 3 31 0 4 3
0 12 2 1 1 50 3
0 65 2 37 1 81 0
1 50 2 1 3 58 0
0 14 1 51 2 13 0
1 76 1 23 0 18 0
1 34 3 11 1 53 0
1 26 1 79 1 0 0
0 43 2 18 0 66 0
0 18 2 10 0 28 0
0 69 3 31 0 4 3
0 12 2 1 1 50 3
0 65 2 37 1 81 0
1 50 2 1 3 58 0
0 14 1 51 2 13 0
1 76 1 23 0 18 0
1 34 3 11 1 53 0
1 26 1 79 1 0 0
0 43 2 18 0 66 0
0 18 2 10 0 28 0
0 69 3 31 0 4 3
0 12 2 1 1 50 3
0 65 2 37 1 81 0
1 50 2 1 3 58 0
0 14 1 51 2 13 0
1 76 1 23 0 18 0
1 34 3 11 1 53 0
1 26 1 79 1 0 0
0 43 2 18 0 66 0
0 18 2 10 0 28 0
0 69 3 31 0 4 3
0 12 2 1 1 50 3
0 65 2 37 1 81 0
1 50 2 1 3 58 0
0 14 1 51 2 13 0
1 76 1 23 0 18 0
1 34 3 11 1 53 0
1 26 1 79 1 0 0
0 43 2 18 0 66 0
0 18 2 10 0 28 0
0 69 3 31 0 4 3
-1 12 2 1 1 50 3
