1 73 3 93 2 55 3
0 13 2 73 1 3 0
0 16 1 93 2 51 2
0 92 3 3 2 59 2
1 68 1 49 3 55 3
1 0 1 77 1 7 3
0 6 1 71 1 83 2
0 19 2 32 2 56 2
1 81 0 50 1 96 3
0 1 1 12 1 78 3
0 11 2 46 2 16 0
0 20 1 11 2 30 1
1 7 3 78 0 98 1
1 72 2 50 3 50 2
1 69 0 93 1 31 2
0 75 1 61 3 16 2
1 32 3 40 2 53 0
1 95 0 73 1 25 0
1 34 2 3 3 58 2
0 62 3 31 0 52 3
0 42 0 22 1 22 1
1 78 0 48 1 8 0
0 12 0 35 0 25 1
1 44 2 56 0 50 1
1 40 0 44 1 80 1
1 14 3 68 3 59 2
1 96 1 45 3 56 1
0 64 3 6 3 3 2
1 52 0 40 3 53 3
0 60 1 70 3 82 0
1 73 3 93 2 55 3
0 13 2 73 1 3 0
0 16 1 93 2 51 2
0 92 3 3 2 59 2
1 68 1 49 3 55 3
1 0 1 77 1 7 3
0 6 1 71 1 83 2
0 19 2 32 2 56 2
1 81 0 50 1 96 3
0 1 1 12 1 78 3
0 11 2 46 2 16 0
0 20 1 11 2 30 1
1 7 3 78 0 98 1
1 72 2 50 3 50 2
1 69 0 93 1 31 2
0 75 1 61 3 16 2
1 32 3 40 2 53 0
1 95 0 73 1 25 0
1 34 2 3 3 58 2
0 62 3 31 0 52 3
0 42 0 22 1 22 1
1 78 0 48 1 8 0
0 12 0 35 0 25 1
1 44 2 56 0 50 1
1 40 0 44 1 80 1
1 14 3 68 3 59 2
1 96 1 45 3 56 1
0 64 3 6 3 3 2
1 52 0 40 3 53 3
0 60 1 70 3 82 0
0 10 3 70 2 36 3
0 61 3 39 2 32 3
0 94 3 39 2 77 0
1 3 3 73 3 44 0
1 28 1 92 2 17 3
0 24 2 53 0 30 0
0 98 0 23 2 5 1
1 96 2 27 0 47 0
1 30 2 14 0 29 2
0 57 1 79 3 69 0
1 82 3 46 2 76 0
0 28 0 23 0 80 0
1 42 0 69 1 46 3
0 58 0 3 3 29 0
1 56 0 31 1 26 3
1 86 0 89 0 92 2
1 88 1 11 3 1 2
1 89 1 72 1 52 3
0 42 3 20 3 97 1
0 34 3 98 2 16 0
0 61 0 0 0 93 2
0 76 1 88 2 65 2
0 18 2 88 0 89 2
0 38 0 45 1 96 2
0 67 3 77 0 89 2
1 7 2 6 1 88 2
1 8 0 13 2 2 1
1 97 3 42 0 65 3
1 88 3 94 2 14 1
-1 81 2 88 0 90 3
