1 27 0 69 2 55 1
1 51 3 29 2 65 1
1 54 1 14 0 52 0
1 63 1 63 3 56 1
1 24 3 75 1 41 1
0 97 2 1 1 70 2
1 65 1 13 2 9 1
0 26 2 2 1 5 0
1 62 1 13 1 94 3
1 61 1 11 2 95 1
1 5 1 79 2 44 2
1 78 1 3 1 65 3
0 85 0 87 2 30 1
0 29 2 42 1 11 0
1 29 3 68 1 81 3
0 35 0 99 3 50 3
0 14 0 50 1 64 0
0 72 2 19 0 50 3
0 43 2 34 3 84 3
0 22 1 73 1 45 2
0 96 0 71 0 50 3
1 63 3 18 1 77 2
0 71 0 38 1 68 0
0 97 1 41 0 87 1
0 11 2 96 1 51 2
0 47 0 62 3 35 1
1 24 2 44 3 11 2
1 50 2 19 0 76 1
0 61 2 5 2 1 1
1 1 3 60 2 21 1
0 24 3 35 2 48 3
1 56 0 2 1 74 3
0 6 3 57 2 6 2
1 15 0 26 0 42 1
0 57 0 28 2 16 1
1 83 3 16 0 3 2
0 53 1 57 3 69 2
0 61 2 47 1 41 0
0 34 3 17 0 57 0
0 79 0 54 2 26 2
0 7 1 1 3 86 0
0 72 0 62 1 34 2
0 90 3 48 0 20 2
0 40 0 87 3 27 2
0 7 3 65 1 98 1
1 17 1 86 0 79 1
1 42 3 17 2 74 0
1 92 0 61 1 22 1
1 50 1 19 1 55 1
1 41 2 68 2 12 1
1 27 0 69 2 55 1
1 51 3 29 2 65 1
1 54 1 14 0 52 0
1 63 1 63 3 56 1
1 24 3 75 1 41 1
0 97 2 1 1 70 2
1 65 1 13 2 9 1
0 26 2 2 1 5 0
1 62 1 13 1 94 3
1 61 1 11 2 95 1
1 5 1 79 2 44 2
1 78 1 3 1 65 3
0 85 0 87 2 30 1
0 29 2 42 1 11 0
1 29 3 68 1 81 3
0 35 0 99 3 50 3
0 14 0 50 1 64 0
0 72 2 19 0 50 3
0 43 2 34 3 84 3
0 22 1 73 1 45 2
0 96 0 71 0 50 3
1 63 3 18 1 77 2
0 71 0 38 1 68 0
0 97 1 41 0 87 1
0 11 2 96 1 51 2
0 47 0 62 3 35 1
1 24 2 44 3 11 2
1 50 2 19 0 76 1
0 61 2 5 2 1 1
1 1 3 60 2 21 1
0 24 3 35 2 48 3
1 56 0 2 1 74 3
0 6 3 57 2 6 2
1 15 0 26 0 42 1
0 57 0 28 2 16 1
1 83 3 16 0 3 2
0 53 1 57 3 69 2
0 61 2 47 1 41 0
0 34 3 17 0 57 0
0 79 0 54 2 26 2
0 7 1 1 3 86 0
0 72 0 62 1 34 2
0 90 3 48 0 20 2
0 40 0 87 3 27 2
0 7 3 65 1 98 1
1 17 1 86 0 79 1
1 42 3 17 2 74 0
1 92 0 61 1 22 1
1 50 1 19 1 55 1
-1 41 2 68 2 12 1
