0 86 1 94 2 38 1
1 36 2 26 3 89 0
1 40 2 98 1 25 3
1 54 2 15 2 60 0
1 13 0 0 0 84 1
1 57 1 23 0 90 0
0 11 3 30 0 63 3
1 22 3 73 2 34 0
0 72 2 42 1 25 3
1 21 1 93 0 95 3
0 86 0 34 1 64 2
0 36 0 58 2 39 3
1 97 3 25 1 85 3
0 55 2 38 0 88 1
1 11 0 97 2 69 2
0 22 3 34 3 31 3
1 3 0 7 1 44 1
1 85 0 54 0 74 1
0 59 1 39 2 49 0
1 72 0 72 1 29 2
0 94 1 85 2 19 2
0 23 3 77 1 30 3
1 5 2 86 1 0 3
1 91 2 30 0 39 3
1 78 2 70 0 10 3
0 10 2 93 0 11 0
1 39 2 79 3 43 3
0 97 0 48 2 40 3
1 17 0 55 2 31 2
0 46 0 52 1 13 0
0 86 1 94 2 38 1
1 36 2 26 3 89 0
1 40 2 98 1 25 3
1 54 2 15 2 60 0
1 13 0 0 0 84 1
1 57 1 23 0 90 0
0 11 3 30 0 63 3
1 22 3 73 2 34 0
0 72 2 42 1 25 3
1 21 1 93 0 95 3
0 86 0 34 1 64 2
0 36 0 58 2 39 3
1 97 3 25 1 85 3
0 55 2 38 0 88 1
1 11 0 97 2 69 2
0 22 3 34 3 31 3
1 3 0 7 1 44 1
1 85 0 54 0 74 1
0 59 1 39 2 49 0
1 72 0 72 1 29 2
0 94 1 85 2 19 2
0 23 3 77 1 30 3
1 5 2 86 1 0 3
1 91 2 30 0 39 3
1 78 2 70 0 10 3
0 10 2 93 0 11 0
1 39 2 79 3 43 3
0 97 0 48 2 40 3
1 17 0 55 2 31 2
0 46 0 52 1 13 0
0 86 1 94 2 38 1
1 36 2 26 3 89 0
1 40 2 98 1 25 3
1 54 2 15 2 60 0
1 13 0 0 0 84 1
1 57 1 23 0 90 0
0 11 3 30 0 63 3
1 22 3 73 2 34 0
0 72 2 42 1 25 3
1 21 1 93 0 95 3
0 86 0 34 1 64 2
0 36 0 58 2 39 3
1 97 3 25 1 85 3
0 55 2 38 0 88 1
1 11 0 97 2 69 2
0 22 3 34 3 31 3
1 3 0 7 1 44 1
1 85 0 54 0 74 1
0 59 1 39 2 49 0
1 72 0 72 1 29 2
0 94 1 85 2 19 2
0 23 3 77 1 30 3
1 5 2 86 1 0 3
1 91 2 30 0 39 3
1 78 2 70 0 10 3
0 10 2 93 0 11 0
1 39 2 79 3 43 3
0 97 0 48 2 40 3
1 17 0 55 2 31 2
-1 46 0 52 1 13 0
