1 92 3 35 0 71 0
0 12 3 20 1 94 3
1 61 2 20 2 53 2
0 97 1 15 3 66 2
1 69 1 71 3 49 3
1 79 0 55 3 83 1
0 38 1 7 1 32 1
1 25 3 60 0 68 1
1 13 2 41 0 38 2
0 32 1 74 1 38 2
1 10 3 16 1 9 2
1 39 1 58 3 79 0
0 54 0 32 0 68 3
1 1 2 74 3 99 2
1 85 0 61 0 73 3
0 32 0 61 1 46 0
1 91 0 64 3 9 3
0 69 3 29 2 7 2
0 76 1 55 2 15 2
0 99 3 0 3 63 0
1 4 0 49 3 35 0
1 56 1 3 0 19 3
0 12 3 96 0 15 1
0 79 0 20 0 17 2
1 61 0 5 3 97 0
0 80 3 27 0 12 3
1 59 2 74 0 82 1
1 6 3 92 2 38 0
1 55 0 28 3 38 1
1 50 2 26 0 75 0
1 76 0 66 2 82 1
1 41 1 20 0 90 2
0 52 1 70 2 80 3
0 33 2 28 1 91 2
0 66 1 77 2 99 3
0 54 1 77 3 39 1
0 69 0 94 2 90 2
0 2 1 82 0 92 3
0 65 1 78 1 74 1
1 50 1 2 3 66 0
1 92 2 58 2 33 0
0 9 0 67 0 78 1
1 66 0 91 0 61 1
0 85 0 60 0 22 2
1 6 2 86 2 88 3
1 62 0 87 0 58 3
1 19 1 45 0 43 0
1 70 2 98 2 39 0
0 78 0 29 3 26 2
1 31 3 52 2 63 3
0 6 3 78 2 9 0
0 79 3 60 2 56 3
1 1 2 3 3 99 2
1 0 2 95 2 69 1
0 21 1 33 1 44 3
1 95 2 77 0 48 0
0 94 1 71 3 81 3
0 74 1 25 2 2 3
1 28 3 30 1 6 1
0 70 2 11 0 69 3
0 26 1 22 2 13 0
0 64 1 35 0 28 0
0 52 1 21 0 7 3
0 94 1 0 3 15 2
0 97 3 52 0 87 0
0 19 0 26 3 7 1
0 1 2 0 3 9 0
0 38 3 40 1 33 2
0 97 3 90 1 31 1
1 67 2 32 3 10 2
1 44 1 90 1 49 0
0 42 3 76 1 5 3
0 31 2 1 2 70 2
0 67 3 55 1 70 3
1 87 2 79 2 58 2
1 26 3 73 1 61 0
0 58 2 65 3 77 1
1 9 1 67 1 37 3
1 53 1 83 2 80 0
1 97 3 37 0 46 1
1 90 0 97 1 18 3
1 72 2 71 0 18 3
0 72 2 82 3 33 2
1 25 2 84 3 83 1
0 66 2 37 2 28 3
0 15 0 2 2 92 2
0 84 2 42 0 95 0
1 81 1 6 1 97 0
1 42 2 25 2 20 0
0 61 3 99 3 81 0
1 66 1 6 0 54 1
1 91 0 60 2 48 1
0 47 2 4 0 32 0
1 65 2 2 1 17 3
0 28 0 15 2 26 3
1 15 2 34 1 78 0
0 88 2 93 2 28 1
0 12 2 79 3 31 1
1 30 0 73 1 24 3
-1 48 0 7 3 21 0
