0 50 0 80 3 11 1
0 76 1 94 3 25 1
0 79 1 61 1 86 3
0 66 2 98 0 89 2
0 42 2 26 3 61 2
1 70 2 96 0 18 2
0 45 1 20 3 2 3
0 68 2 10 0 88 0
1 82 1 9 0 10 2
0 31 2 52 3 5 3
0 2 2 10 3 92 0
1 30 0 53 0 36 2
1 69 0 55 2 11 3
1 37 3 45 0 69 0
1 61 0 95 1 61 3
0 25 2 5 2 24 1
1 74 3 94 0 17 1
1 43 3 55 2 96 3
0 92 0 67 1 16 1
1 0 0 85 1 89 0
0 10 1 45 0 85 3
0 21 3 79 0 30 3
1 87 2 32 1 58 2
0 16 3 85 1 55 0
1 47 3 41 2 90 1
0 73 1 90 1 67 0
0 41 1 86 1 29 2
0 94 3 47 2 63 1
1 44 0 45 3 20 3
0 39 3 44 1 21 3
1 38 3 76 3 10 3
1 55 1 44 3 85 0
1 17 1 30 1 92 2
1 31 3 10 1 65 1
1 76 3 39 0 69 1
1 94 3 27 0 69 0
0 38 2 31 0 31 2
0 44 2 95 2 2 3
1 69 3 47 0 48 2
0 0 0 70 2 61 3
0 20 1 15 2 60 3
0 95 2 1 3 5 3
0 29 2 55 0 29 1
1 6 1 1 0 50 0
0 93 1 10 2 56 1
0 23 3 38 1 59 0
1 73 0 81 1 54 0
0 23 0 72 1 99 1
1 71 0 89 3 36 1
0 42 2 56 3 81 3
1 38 3 76 3 10 3
1 55 1 44 3 85 0
1 17 1 30 1 92 2
1 31 3 10 1 65 1
1 76 3 39 0 69 1
1 94 3 27 0 69 0
0 38 2 31 0 31 2
0 44 2 95 2 2 3
1 69 3 47 0 48 2
0 0 0 70 2 61 3
1 38 3 76 3 10 3
1 55 1 44 3 85 0
1 17 1 30 1 92 2
1 31 3 10 1 65 1
1 76 3 39 0 69 1
1 94 3 27 0 69 0
0 38 2 31 0 31 2
0 44 2 95 2 2 3
1 69 3 47 0 48 2
0 0 0 70 2 61 3
0 74 1 32 3 87 2
1 41 0 43 3 30 2
0 49 1 9 3 31 0
0 60 2 80 0 30 1
1 37 0 36 1 22 1
0 53 2 38 3 73 3
0 41 1 90 0 69 1
1 19 0 23 0 11 3
0 70 2 44 1 73 1
1 76 2 23 2 95 1
1 38 3 76 3 10 3
1 55 1 44 3 85 0
1 17 1 30 1 92 2
1 31 3 10 1 65 1
1 76 3 39 0 69 1
1 94 3 27 0 69 0
0 38 2 31 0 31 2
0 44 2 95 2 2 3
1 69 3 47 0 48 2
0 0 0 70 2 61 3
1 38 3 76 3 10 3
1 55 1 44 3 85 0
1 17 1 30 1 92 2
1 31 3 10 1 65 1
1 76 3 39 0 69 1
1 94 3 27 0 69 0
0 38 2 31 0 31 2
0 44 2 95 2 2 3
1 69 3 47 0 48 2
-1 0 0 70 2 61 3
