1 20 2 2 3 98 3
1 76 3 89 1 78 1
0 27 3 4 3 88 1
0 96 0 54 2 77 1
1 84 0 93 3 97 0
1 12 2 97 3 65 1
1 40 0 60 2 1 3
0 92 3 36 3 5 2
0 78 0 18 2 6 3
0 14 2 25 0 15 2
1 1 0 41 1 48 2
0 83 2 19 3 40 1
1 58 2 87 2 67 3
0 94 3 5 1 93 1
1 29 3 18 1 73 1
1 1 2 26 3 66 1
1 15 2 19 2 62 3
0 41 1 44 0 81 1
0 17 0 48 0 70 0
0 38 0 21 3 11 2
0 19 3 79 3 66 3
0 98 1 88 1 23 0
1 85 0 34 0 19 0
0 65 2 3 3 56 0
1 50 2 19 2 98 1
0 44 0 31 0 42 0
0 76 3 24 3 28 2
0 19 0 28 2 2 1
1 91 1 5 3 65 1
1 40 2 78 3 97 1
0 13 0 24 0 44 1
0 49 0 19 1 75 3
0 70 1 20 0 8 2
0 94 2 41 1 34 1
0 37 2 30 3 53 3
1 56 1 2 0 73 2
1 36 1 33 1 41 3
1 95 0 71 0 87 0
0 59 3 6 0 89 0
1 32 0 11 3 92 2
1 63 1 54 3 65 1
0 86 3 15 1 3 1
0 11 2 23 0 10 0
1 14 0 62 3 95 3
1 23 3 56 2 20 2
1 19 0 51 1 91 0
1 67 0 73 0 62 3
1 98 3 20 2 38 1
1 13 1 13 3 74 3
0 62 1 12 1 25 1
1 50 0 36 1 44 3
0 12 1 35 0 53 2
1 49 3 1 3 26 2
1 96 2 30 1 40 0
1 66 3 96 0 59 2
1 3 1 31 3 89 1
1 62 2 22 2 82 3
0 82 1 89 1 93 2
1 76 0 8 3 83 0
1 3 1 40 1 71 1
0 0 1 14 2 57 3
1 99 1 60 1 41 0
0 58 0 86 0 88 3
0 59 3 16 0 92 3
1 58 1 21 3 13 0
1 97 2 52 3 28 2
1 48 1 82 1 11 0
0 63 1 76 2 36 0
0 1 3 31 1 27 3
1 94 2 36 1 18 3
1 35 1 29 3 87 1
0 93 3 74 2 5 2
1 81 2 34 3 12 0
1 84 2 0 0 72 3
1 96 1 29 2 57 1
1 18 3 85 2 48 3
1 70 3 15 1 25 1
0 18 2 98 2 80 0
1 83 2 68 2 62 3
1 19 1 88 2 70 3
0 85 2 7 1 6 1
0 80 2 61 0 71 1
1 2 3 2 1 1 2
1 97 2 75 1 4 3
0 55 1 97 2 83 2
0 38 2 91 0 79 0
1 87 0 62 1 40 3
0 26 3 95 2 24 2
1 7 2 66 0 63 1
1 32 0 97 0 41 2
1 32 3 59 2 84 1
0 89 1 68 2 6 0
1 47 3 87 2 5 0
0 5 1 26 0 45 0
1 43 1 99 3 92 2
1 72 2 72 0 95 0
0 37 0 53 1 89 1
0 29 1 8 0 5 0
0 14 3 0 0 68 2
-1 79 0 12 3 20 3
